3,15,68,17,80,13
15,28,21,24,74,78
68,21,57,79,9,44
17,24,79,66,61,69
80,74,9,61,67,20
13,78,44,69,20,46